# Frequency (MHz)    Flux_DM (s.f.u.)
1000.00000000000000    7.17848669193389
1001.95503421309877    7.18816793813219
1003.91006842619743    7.19778006140503
1005.86510263929620    7.20732287513300
1007.82013685239497    7.21679619361387
1009.77517106549362    7.22619983206260
1011.73020527859239    7.23553360661130
1013.68523949169105    7.24479733430930
1015.64027370478982    7.25399083312308
1017.59530791788859    7.26311392193634
1019.55034213098725    7.27216642054992
1021.50537634408602    7.28114814968186
1023.46041055718479    7.29005893096739
1025.41544477028356    7.29889858695891
1027.37047898338210    7.30766694112601
1029.32551319648087    7.31636381785544
1031.28054740957964    7.32498904245116
1033.23558162267841    7.33354244113430
1035.19061583577718    7.34202384104317
1037.14565004887595    7.35043307023325
1039.10068426197449    7.35876995767724
1041.05571847507326    7.36703433326498
1043.01075268817203    7.37522602780350
1044.96578690127080    7.38334487301703
1046.92082111436957    7.39139070154697
1048.87585532746834    7.39936334695189
1050.83088954056689    7.40726264370757
1052.78592375366566    7.41508842720696
1054.74095796676443    7.42284053376016
1056.69599217986320    7.43051880059450
1058.65102639296197    7.43812306585447
1060.60606060606051    7.44565316860173
1062.56109481915928    7.45310894881514
1064.51612903225805    7.46049024739073
1066.47116324535682    7.46779690614173
1068.42619745845559    7.47502876779852
1070.38123167155436    7.48218567600869
1072.33626588465290    7.48926747533700
1074.29130009775167    7.49627401126538
1076.24633431085044    7.50320513019299
1078.20136852394921    7.51006067943609
1080.15640273704798    7.51684050722820
1082.11143695014653    7.52354446271997
1084.06647116324530    7.53017239597926
1086.02150537634407    7.53672415799111
1087.97653958944284    7.54319960065773
1089.93157380254161    7.54959857679850
1091.88660801564038    7.55592094015001
1093.84164222873892    7.56216654536601
1095.79667644183769    7.56833524801746
1097.75171065493646    7.57442690459246
1099.70674486803523    7.58044137249632
1101.66177908113400    7.58860963391539
1103.61681329423254    7.59696122413556
1105.57184750733131    7.60524878311508
1107.52688172043008    7.61347217555460
1109.48191593352885    7.62163126691910
1111.43695014662762    7.62972592343783
1113.39198435972639    7.63775601210436
1115.34701857282494    7.64572140067657
1117.30205278592371    7.65362195767662
1119.25708699902248    7.66145755239098
1121.21212121212125    7.66922805487043
1123.16715542522002    7.67693333593004
1125.12218963831856    7.68457326714916
1127.07722385141733    7.69214772087150
1129.03225806451610    7.69965657020502
1130.98729227761487    7.70709968902200
1132.94232649071364    7.71447695195901
1134.89736070381241    7.72178823441694
1136.85239491691095    7.72903341256096
1138.80742913000972    7.73621236332056
1140.76246334310849    7.74332496438951
1142.71749755620726    7.75037109422590
1144.67253176930603    7.75735063205212
1146.62756598240458    7.76426345785484
1148.58260019550335    7.77110945238506
1150.53763440860212    7.77788849715806
1152.49266862170089    7.78460047445344
1154.44770283479966    7.79124526731507
1156.40273704789843    7.79782275955116
1158.35777126099720    7.80433283573418
1160.31280547409574    7.81077538120094
1162.26783968719451    7.81715028205254
1164.22287390029328    7.82345742515434
1166.17790811339205    7.82969669813608
1168.13294232649059    7.83586798939172
1170.08797653958936    7.84197118807957
1172.04301075268813    7.84800618412224
1173.99804496578690    7.85397286820661
1175.95307917888567    7.85987113178390
1177.90811339198444    7.86570086706960
1179.86314760508321    7.87146196704351
1181.81818181818176    7.87715432544975
1183.77321603128053    7.88277783679671
1185.72825024437930    7.88833239635710
1187.68328445747807    7.89381790016793
1189.63831867057684    7.89923424503050
1191.59335288367538    7.90458132851043
1193.54838709677415    7.90985904893762
1195.50342130987292    7.91506730540629
1197.45845552297169    7.92020599777495
1199.41348973607046    7.92527502666641
1201.36852394916923    7.93201292607298
1203.32355816226777    7.93912504141537
1205.27859237536654    7.94617766238447
1207.23362658846531    7.95317069095521
1209.18866080156408    7.96010402974921
1211.14369501466285    7.96697758203487
1213.09872922776140    7.97379125172729
1215.05376344086017    7.98054494338829
1217.00879765395894    7.98723856222647
1218.96383186705771    7.99387201409711
1220.91886608015648    8.00044520550224
1222.87390029325525    8.00695804359063
1224.82893450635379    8.01341043615779
1226.78396871945256    8.01980229164593
1228.73900293255133    8.02613351914401
1230.69403714565010    8.03240402838774
1232.64907135874887    8.03861372975952
1234.60410557184741    8.04476253428853
1236.55913978494618    8.05085035365063
1238.51417399804495    8.05687710016846
1240.46920821114372    8.06284268681136
1242.42424242424249    8.06874702719541
1244.37927663734126    8.07459003558342
1246.33431085043981    8.08037162688495
1248.28934506353858    8.08609171665627
1250.24437927663735    8.09175022110038
1252.19941348973612    8.09734705706703
1254.15444770283489    8.10288214205269
1256.10948191593343    8.10835539420057
1258.06451612903220    8.11376673230058
1260.01955034213097    8.11911607578942
1261.97458455522974    8.12440334475047
1263.92961876832851    8.12962845991386
1265.88465298142728    8.13479134265646
1267.83968719452605    8.13989191500187
1269.79472140762459    8.14493009962039
1271.74975562072336    8.14990581982910
1273.70478983382213    8.15481899959179
1275.65982404692090    8.15966956351896
1277.61485826001945    8.16445743686788
1279.56989247311822    8.16918254554254
1281.52492668621699    8.17384481609363
1283.47996089931576    8.17844417571863
1285.43499511241453    8.18298055226169
1287.39002932551330    8.18745387421373
1289.34506353861207    8.19186407071241
1291.30009775171061    8.19621107154208
1293.25513196480938    8.20049480713385
1295.21016617790815    8.20471520856558
1297.16520039100692    8.20887220756181
1299.12023460410546    8.21296573649386
1301.07526881720423    8.21833764647166
1303.03030303030300    8.22422796600233
1304.98533724340177    8.23006273589637
1306.94037145650054    8.23584188623918
1308.89540566959931    8.24156534767049
1310.85043988269808    8.24723305138434
1312.80547409579663    8.25284492912908
1314.76050830889540    8.25840091320740
1316.71554252199417    8.26390093647629
1318.67057673509294    8.26934493234706
1320.62561094819148    8.27473283478534
1322.58064516129025    8.28006457831107
1324.53567937438902    8.28534009799852
1326.49071358748779    8.29055932947626
1328.44574780058656    8.29572220892721
1330.40078201368533    8.30082867308856
1332.35581622678410    8.30587865925187
1334.31085043988264    8.31087210526297
1336.26588465298141    8.31580894952203
1338.22091886608018    8.32068913098354
1340.17595307917895    8.32551258915630
1342.13098729227750    8.33027926410344
1344.08602150537627    8.33498909644237
1346.04105571847504    8.33964202734488
1347.99608993157381    8.34423799853701
1349.95112414467258    8.34877695229917
1351.90615835777135    8.35325883146607
1353.86119257087012    8.35768357942671
1355.81622678396866    8.36205114012446
1357.77126099706743    8.36636145805696
1359.72629521016620    8.37061447827619
1361.68132942326497    8.37481014638844
1363.63636363636351    8.37894840855434
1365.59139784946228    8.38302921148880
1367.54643206256105    8.38705250246106
1369.50146627565982    8.39101822929470
1371.45650048875859    8.39492634036760
1373.41153470185736    8.39877678461195
1375.36656891495613    8.40256951151427
1377.32160312805468    8.40630447111538
1379.27663734115345    8.40998161401045
1381.23167155425222    8.41360089134893
1383.18670576735099    8.41716225483462
1385.14173998044953    8.42066565672561
1387.09677419354830    8.42411104983433
1389.05180840664707    8.42749838752751
1391.00684261974584    8.43082762372621
1392.96187683284461    8.43409871290579
1394.91691104594338    8.43731161009595
1396.87194525904215    8.44046627088069
1398.82697947214069    8.44356265139834
1400.78201368523946    8.44761845905403
1402.73704789833823    8.45229945495294
1404.69208211143700    8.45692835417888
1406.64711632453555    8.46150510836745
1408.60215053763432    8.46602966963468
1410.55718475073309    8.47050199057701
1412.51221896383186    8.47492202427135
1414.46725317693063    8.47928972427500
1416.42228739002940    8.48360504462573
1418.37732160312817    8.48786793984172
1420.33235581622671    8.49207836492160
1422.28739002932548    8.49623627534442
1424.24242424242425    8.50034162706966
1426.19745845552302    8.50439437653725
1428.15249266862179    8.50839448066754
1430.10752688172033    8.51234189686132
1432.06256109481910    8.51623658299980
1434.01759530791787    8.52007849744465
1435.97262952101664    8.52386759903794
1437.92766373411541    8.52760384710219
1439.88269794721418    8.53128720144035
1441.83773216031295    8.53491762233582
1443.79276637341150    8.53849507055240
1445.74780058651027    8.54201950733434
1447.70283479960904    8.54549089440634
1449.65786901270781    8.54890919397351
1451.61290322580635    8.55227436872138
1453.56793743890512    8.55558638181597
1455.52297165200389    8.55884519690366
1457.47800586510266    8.56205077811132
1459.43304007820143    8.56520309004622
1461.38807429130020    8.56830209779608
1463.34310850439897    8.57134776692905
1465.29814271749751    8.57434006349371
1467.25317693059628    8.57727895401906
1469.20821114369505    8.58016440551457
1471.16324535679382    8.58299638547011
1473.11827956989237    8.58577486185599
1475.07331378299114    8.58849980312295
1477.02834799608991    8.59117117820218
1478.98338220918868    8.59378895650529
1480.93841642228745    8.59635310792432
1482.89345063538622    8.59886360283176
1484.84848484848499    8.60132041208050
1486.80351906158353    8.60372350700390
1488.75855327468230    8.60607285941573
1490.71358748778107    8.60836844161020
1492.66862170087984    8.61061022636197
1494.62365591397838    8.61279818692608
1496.57869012707715    8.61493229703807
1498.53372434017592    8.61701253091388
1500.48875855327469    8.61979250233169
1502.44379276637346    8.62327587164692
1504.39882697947223    8.62671019740603
1506.35386119257100    8.63009544798796
1508.30889540566955    8.63343159219197
1510.26392961876832    8.63671859923772
1512.21896383186709    8.63995643876523
1514.17399804496563    8.64314508083490
1516.12903225806440    8.64628449592750
1518.08406647116317    8.64937465494417
1520.03910068426194    8.65241552920640
1521.99413489736071    8.65540709045608
1523.94916911045948    8.65834931085544
1525.90420332355825    8.66124216298712
1527.85923753665702    8.66408561985410
1529.81427174975579    8.66687965487974
1531.76930596285433    8.66962424190776
1533.72434017595310    8.67231935520227
1535.67937438905187    8.67496496944773
1537.63440860215042    8.67756105974900
1539.58944281524919    8.68010760163126
1541.54447702834796    8.68260457104012
1543.49951124144673    8.68505194434153
1545.45454545454550    8.68744969832179
1547.40957966764427    8.68979781018761
1549.36461388074304    8.69209625756605
1551.31964809384181    8.69434501850455
1553.27468230694035    8.69654407147090
1555.22971652003912    8.69869339535329
1557.18475073313789    8.70079296946025
1559.13978494623643    8.70284277352071
1561.09481915933520    8.70484278768394
1563.04985337243397    8.70679299251962
1565.00488758553274    8.70869336901775
1566.95992179863151    8.71054389858875
1568.91495601173028    8.71234456306337
1570.86999022482905    8.71409534469276
1572.82502443792782    8.71579622614843
1574.78005865102637    8.71744719052225
1576.73509286412514    8.71904822132647
1578.69012707722391    8.72059930249372
1580.64516129032245    8.72210041837698
1582.60019550342122    8.72355155374963
1584.55522971651999    8.72495269380537
1586.51026392961876    8.72630382415833
1588.46529814271753    8.72760493084297
1590.42033235581630    8.72885600031413
1592.37536656891507    8.73005701944704
1594.33040078201384    8.73120797553726
1596.28543499511238    8.73230885630076
1598.24046920821115    8.73335964987386
1600.19550342130992    8.73227025380041
1602.15053763440847    8.72798639277140
1604.10557184750724    8.72363927701623
1606.06060606060601    8.71922894056408
1608.01564027370478    8.71475541808627
1609.97067448680355    8.71021874489629
1611.92570869990232    8.70561895694979
1613.88074291300109    8.70095609084457
1615.83577712609986    8.69623018382057
1617.79081133919840    8.69144127375993
1619.74584555229717    8.68658939918692
1621.70087976539594    8.68167459926795
1623.65591397849448    8.67669691381163
1625.61094819159325    8.67165638326868
1627.56598240469202    8.66655304873203
1629.52101661779079    8.66138695193673
1631.47605083088956    8.65615813525999
1633.43108504398833    8.65086664172119
1635.38611925708710    8.64551251498185
1637.34115347018587    8.64009579934569
1639.29618768328442    8.63461653975852
1641.25122189638319    8.62907478180837
1643.20625610948196    8.62347057172540
1645.16129032258050    8.61780395638191
1647.11632453567927    8.61207498329238
1649.07135874877804    8.60628370061347
1651.02639296187681    8.60043015714394
1652.98142717497558    8.59451440232475
1654.93646138807435    8.58853648623901
1656.89149560117312    8.58249645961197
1658.84652981427189    8.57639437381107
1660.80156402737066    8.57023028084587
1662.75659824046920    8.56400423336811
1664.71163245356797    8.55771628467168
1666.66666666666652    8.55136648869265
1668.62170087976529    8.54495490000920
1670.57673509286406    8.53848157384170
1672.53176930596283    8.53194656605269
1674.48680351906160    8.52534993314683
1676.44183773216037    8.51869173227096
1678.39687194525914    8.51197202121408
1680.35190615835791    8.50519085840734
1682.30694037145668    8.49834830292405
1684.26197458455522    8.49144441447968
1686.21700879765399    8.48447925343184
1688.17204301075276    8.47745288078032
1690.12707722385130    8.47036535816705
1692.08211143695007    8.46321674787614
1694.03714565004884    8.45600711283384
1695.99217986314761    8.44873651660854
1697.94721407624638    8.44140502341084
1699.90224828934515    8.43435653857651
1701.85728250244392    8.42805008848884
1703.81231671554269    8.42168370095747
1705.76735092864124    8.41525742076499
1707.72238514174001    8.40877129326481
1709.67741935483878    8.40222536438115
1711.63245356793732    8.39561968060911
1713.58748778103609    8.38895428901459
1715.54252199413486    8.38222923723432
1717.49755620723363    8.37544457347588
1719.45259042033240    8.36860034651767
1721.40762463343117    8.36169660570893
1723.36265884652994    8.35473340096972
1725.31769305962871    8.34771078279095
1727.27272727272725    8.34062880223436
1729.22776148582602    8.33348751093249
1731.18279569892479    8.32628696108877
1733.13782991202334    8.31902720547742
1735.09286412512211    8.31170829744349
1737.04789833822088    8.30433029090289
1739.00293255131965    8.29689324034235
1740.95796676441842    8.28939720081942
1742.91300097751719    8.28184222796249
1744.86803519061596    8.27422837797080
1746.82306940371473    8.26655570761440
1748.77810361681327    8.25882427423417
1750.73313782991204    8.25103413574185
1752.68817204301081    8.24318535061999
1754.64320625610935    8.23527797792197
1756.59824046920812    8.22731207727202
1758.55327468230689    8.21928770886518
1760.50830889540566    8.21120493346735
1762.46334310850443    8.20306381241523
1764.41837732160320    8.19486440761638
1766.37341153470197    8.18660678154918
1768.32844574780074    8.17829099726285
1770.28347996089929    8.16991711837741
1772.23851417399806    8.16148520908378
1774.19354838709683    8.15299533414363
1776.14858260019537    8.14444755888954
1778.10361681329414    8.13584194922486
1780.05865102639291    8.12717857162381
1782.01368523949168    8.11845749313143
1783.96871945259045    8.10967878136360
1785.92375366568922    8.10084250450701
1787.87878787878799    8.09194873131920
1789.83382209188676    8.08299753112856
1791.78885630498530    8.07398897383427
1793.74389051808407    8.06492312990638
1795.69892473118284    8.05580007038575
1797.65395894428138    8.04661986688409
1799.60899315738016    8.03827076758144
1801.56402737047893    8.03342212098550
1803.51906158357770    8.02852443017122
1805.47409579667647    8.02357772604049
1807.42913000977524    8.01858203990465
1809.38416422287401    8.01353740348457
1811.33919843597278    8.00844384891055
1813.29423264907132    8.00330140872238
1815.24926686217009    7.99811011586934
1817.20430107526886    7.99287000371016
1819.15933528836740    7.98758110601307
1821.11436950146617    7.98224345695577
1823.06940371456494    7.97685709112543
1825.02443792766371    7.97142204351870
1826.97947214076248    7.96593834954171
1828.93450635386125    7.96040604501006
1830.88954056696002    7.95482516614883
1832.84457478005879    7.94919574959258
1834.79960899315756    7.94351783238534
1836.75464320625611    7.93779145198062
1838.70967741935488    7.93201664624140
1840.66471163245342    7.92619345344015
1842.61974584555219    7.92032191225881
1844.57478005865096    7.91440206178878
1846.52981427174973    7.90843394153097
1848.48484848484850    7.90241759139573
1850.43988269794727    7.89635305170291
1852.39491691104604    7.89024036318184
1854.34995112414481    7.88407956697130
1856.30498533724358    7.87787070461958
1858.26001955034212    7.87161381808441
1860.21505376344089    7.86530894973304
1862.17008797653966    7.85895614234215
1864.12512218963820    7.85255543909793
1866.08015640273697    7.84610688359603
1868.03519061583575    7.83961051984159
1869.99022482893452    7.83306639224920
1871.94525904203329    7.82647454564297
1873.90029325513206    7.81983502525644
1875.85532746823083    7.81314787673265
1877.81036168132960    7.80641314612412
1879.76539589442814    7.79963087989285
1881.72043010752691    7.79280112491028
1883.67546432062568    7.78592392845736
1885.63049853372422    7.77899933822453
1887.58553274682299    7.77202740231167
1889.54056695992176    7.76500816922815
1891.49560117302053    7.75794168789282
1893.45063538611930    7.75082800763400
1895.40566959921807    7.74366717818951
1897.36070381231684    7.73645924970660
1899.31573802541561    7.72931033004268
1901.27077223851416    7.72306909510339
1903.22580645161293    7.71678120394977
1905.18084066471170    7.71044668994934
1907.13587487781024    7.70406558682744
1909.09090909090901    7.69763792866719
1911.04594330400778    7.69116374990953
1913.00097751710655    7.68464308535319
1914.95601173020532    7.67807597015470
1916.91104594330409    7.67146243982841
1918.86608015640286    7.66480253024644
1920.82111436950163    7.65809627763874
1922.77614858260017    7.65134371859306
1924.73118279569894    7.64454489005493
1926.68621700879771    7.63769982932771
1928.64125122189625    7.63080857407253
1930.59628543499502    7.62387116230834
1932.55131964809379    7.61688763241191
1934.50635386119257    7.60985802311778
1936.46138807429134    7.60278237351829
1938.41642228739011    7.59566072306362
1940.37145650048888    7.58849311156171
1942.32649071358765    7.58127957917833
1944.28152492668619    7.57402016643703
1946.23655913978496    7.56671491421918
1948.19159335288373    7.55936386376395
1950.14662756598227    7.55196705666828
1952.10166177908104    7.54452453488697
1954.05669599217981    7.53703634073257
1956.01173020527858    7.52950251687545
1957.96676441837735    7.52192310634379
1959.92179863147612    7.51429815252357
1961.87683284457489    7.50662769915855
1963.83186705767366    7.49891179035031
1965.78690127077220    7.49115047055824
1967.74193548387098    7.48334378459952
1969.69696969696975    7.47549177764912
1971.65200391006829    7.46759449523984
1973.60703812316706    7.45965198326225
1975.56207233626583    7.45166428796475
1977.51710654936460    7.44363145595353
1979.47214076246337    7.43555353419257
1981.42717497556214    7.42743057000368
1983.38220918866091    7.41926261106644
1985.33724340175968    7.41104970541825
1987.29227761485845    7.40279190145431
1989.24731182795699    7.39448924792762
1991.20234604105576    7.38614179394898
1993.15738025415430    7.37774958898699
1995.11241446725307    7.36931268286806
1997.06744868035184    7.36083112577640
1999.02248289345061    7.35230496825401
2000.97751710654939    7.35230496825401
2002.93255131964816    7.35086804403669
2004.88758553274693    7.34940024090286
2006.84261974584570    7.34790156760882
2008.79765395894447    7.34637203310516
2010.75268817204301    7.34481164653679
2012.70772238514178    7.34322041724286
2014.66275659824032    7.34159835475686
2016.61779081133909    7.33994546880655
2018.57282502443786    7.33826176931397
2020.52785923753663    7.33654726639546
2022.48289345063540    7.33480197036166
2024.43792766373417    7.33302589171748
2026.39296187683294    7.33121904116212
2028.34799608993148    7.32938142958910
2030.30303030303025    7.32751306808621
2032.25806451612902    7.32561396793552
2034.21309872922780    7.32368414061340
2036.16813294232657    7.32172359779052
2038.12316715542534    7.31973235133182
2040.07820136852388    7.31771041329655
2042.03323558162265    7.31565779593823
2043.98826979472142    7.31357451170470
2045.94330400782019    7.31146057323806
2047.89833822091896    7.30931599337471
2049.85337243401773    7.30714078514536
2051.80840664711650    7.30493496177496
2053.76344086021527    7.30269853668281
2055.71847507331404    7.30043152348246
2057.67350928641281    7.29813393598176
2059.62854349951158    7.29580578818287
2061.58357771260989    7.29384456011052
2063.53861192570866    7.29262545366344
2065.49364613880743    7.29137746740456
2067.44868035190621    7.29010060647822
2069.40371456500498    7.28879487619284
2071.35874877810375    7.28746028202094
2073.31378299120206    7.28609682959905
2075.26881720430083    7.28470452472782
2077.22385141739960    7.28328337337193
2079.17888563049837    7.28183338166014
2081.13391984359714    7.28035455588528
2083.08895405669591    7.27884690250423
2085.04398826979468    7.27731042813797
2086.99902248289345    7.27574513957150
2088.95405669599222    7.27415104375393
2090.90909090909099    7.27252814779840
2092.86412512218976    7.27087645898215
2094.81915933528853    7.26919598474645
2096.77419354838730    7.26748673269668
2098.72922776148607    7.26574871060225
2100.68426197458484    7.26398192639664
2102.63929618768361    7.26218638817743
2104.59433040078193    7.26036210420621
2106.54936461388070    7.25850908290869
2108.50439882697947    7.25662733287462
2110.45943304007824    7.25471686285782
2112.41446725317701    7.25277768177618
2114.36950146627578    7.25080979871164
2116.32453567937409    7.24881322291023
2118.27956989247286    7.24678796378204
2120.23460410557163    7.24473403090121
2122.18963831867040    7.24265143400598
2124.14467253176917    7.24054018299861
2126.09970674486794    7.23840028794546
2128.05474095796671    7.23623175907696
2130.00977517106548    7.23403460678758
2131.96480938416425    7.23180884163588
2133.91984359726303    7.22955447434447
2135.87487781036180    7.22727151580004
2137.82991202346057    7.22495997705333
2139.78494623655934    7.22261986931916
2141.73998044965811    7.22025120397642
2143.69501466275688    7.21785399256805
2145.65004887585565    7.21542824680107
2147.60508308895442    7.21297397854655
2149.56011730205273    7.21049119983966
2151.51515151515150    7.20797992287959
2153.47018572825027    7.20544016002964
2155.42521994134904    7.20287192381714
2157.38025415444781    7.20027522693352
2159.33528836754613    7.19765008223425
2161.29032258064490    7.19499650273887
2163.24535679374367    7.19231450163101
2165.20039100684244    7.18960409225833
2167.15542521994121    7.18686528813259
2169.11045943303998    7.18409810292959
2171.06549364613875    7.18130255048922
2173.02052785923752    7.17847864481541
2174.97556207233629    7.17562640007618
2176.93059628543506    7.17274583060360
2178.88563049853383    7.16983695089382
2180.84066471163260    7.16689977560704
2182.79569892473137    7.16393431956755
2184.75073313783014    7.16094059776368
2186.70576735092891    7.15791862534785
2188.66080156402768    7.15486841763653
2190.61583577712645    7.15178999011025
2192.57086999022476    7.14868335841363
2194.52590420332353    7.14554853835535
2196.48093841642230    7.14238554590813
2198.43597262952107    7.13919439720880
2200.39100684261984    7.13597510855821
2202.34604105571816    7.13272769642132
2204.30107526881693    7.12945217742712
2206.25610948191570    7.12614856836869
2208.21114369501447    7.12281688620317
2210.16617790811324    7.11945714805177
2212.12121212121201    7.11606937119974
2214.07624633431078    7.11265357309644
2216.03128054740955    7.10920977135526
2217.98631476050832    7.10573798375368
2219.94134897360709    7.10223822823324
2221.89638318670586    7.09871052289953
2223.85141739980463    7.09515488602222
2225.80645161290340    7.09157133603506
2227.76148582600217    7.08795989153583
2229.71652003910094    7.08432057128642
2231.67155425219971    7.08065339421276
2233.62658846529848    7.07695837940484
2235.58162267839680    7.07323554611674
2237.53665689149557    7.06948491376658
2239.49169110459434    7.06570650193658
2241.44672531769311    7.06190033037299
2243.40175953079188    7.05806641898615
2245.35679374389065    7.05420478785046
2247.31182795698896    7.05031545720439
2249.26686217008773    7.04639844745045
2251.22189638318650    7.04263837011018
2253.17693059628527    7.03940478458202
2255.13196480938404    7.03614414764620
2257.08699902248281    7.03285647327410
2259.04203323558158    7.02954177558308
2260.99706744868035    7.02620006883645
2262.95210166177912    7.02283136744349
2264.90713587487789    7.01943568595944
2266.86217008797666    7.01601303908550
2268.81720430107544    7.01256344166884
2270.77223851417421    7.00908690870260
2272.72727272727298    7.00558345532586
2274.68230694037175    7.00205309682370
2276.63734115347052    6.99849584862713
2278.59237536656883    6.99491172631314
2280.54740957966760    6.99130074560469
2282.50244379276637    6.98766292237069
2284.45747800586514    6.98399827262601
2286.41251221896391    6.98030681253150
2288.36754643206268    6.97658855839397
2290.32258064516100    6.97284352666618
2292.27761485825977    6.96907173394687
2294.23264907135854    6.96527319698075
2296.18768328445731    6.96144793265846
2298.14271749755608    6.95759595801663
2300.09775171065485    6.95371729023787
2302.05278592375362    6.94981194665071
2304.00782013685239    6.94587994472967
2305.96285434995116    6.94192130209524
2307.91788856304993    6.93793603651385
2309.87292277614870    6.93392416589793
2311.82795698924747    6.92988570830583
2313.78299120234624    6.92582068194190
2315.73802541544501    6.92173969179467
2317.69305962854378    6.91792414452355
2319.64809384164255    6.91408224820386
2321.60312805474132    6.91021401857095
2323.55816226783963    6.90631947149878
2325.51319648093840    6.90239862299993
2327.46823069403717    6.89845148922566
2329.42326490713594    6.89447808646579
2331.37829912023471    6.89047843114881
2333.33333333333303    6.88645253984185
2335.28836754643180    6.88240042925062
2337.24340175953057    6.87832211621951
2339.19843597262934    6.87421761773152
2341.15347018572811    6.87008695090826
2343.10850439882688    6.86593013300999
2345.06353861192565    6.86174718143560
2347.01857282502442    6.85753811372260
2348.97360703812319    6.85330294754714
2350.92864125122196    6.84904170072397
2352.88367546432073    6.84475439120651
2354.83870967741950    6.84044103708679
2356.79374389051827    6.83610165659545
2358.74877810361704    6.83173626810179
2360.70381231671581    6.82734489011372
2362.65884652981458    6.82292754127779
2364.61388074291335    6.81848424037917
2366.56891495601167    6.81401500634166
2368.52394916911044    6.80951985822769
2370.47898338220921    6.80499881523832
2372.43401759530798    6.80072778848216
2374.38905180840675    6.79645177128632
2376.34408602150552    6.79215001778036
2378.29912023460383    6.78782254458825
2380.25415444770260    6.78346936846547
2382.20918866080137    6.77909050629896
2384.16422287390014    6.77468597510718
2386.11925708699891    6.77025579204004
2388.07429130009768    6.76579997437893
2390.02932551319645    6.76131853953675
2391.98435972629522    6.75681150505785
2393.93939393939399    6.75227888861808
2395.89442815249276    6.74772070802478
2397.84946236559153    6.74313698121674
2399.80449657869030    6.73852772626428
2401.75953079178908    6.73654700546688
2403.71456500488785    6.73631593825652
2405.66959921798662    6.73606661076776
2407.62463343108539    6.73579902399009
2409.57966764418370    6.73551317898718
2411.53470185728247    6.73520907689691
2413.48973607038124    6.73488671893137
2415.44477028348001    6.73454610637682
2417.39980449657878    6.73418724059377
2419.35483870967755    6.73381012301690
2421.30987292277587    6.73341475515511
2423.26490713587464    6.73300113859149
2425.21994134897341    6.73256927498334
2427.17497556207218    6.73211916606216
2429.13000977517095    6.73165081363365
2431.08504398826972    6.73116421957773
2433.04007820136849    6.73065938584850
2434.99511241446726    6.73013631447428
2436.95014662756603    6.72959500755757
2438.90518084066480    6.72903546727511
2440.86021505376357    6.72850376232357
2442.81524926686234    6.72819592381764
2444.77028347996111    6.72787028281179
2446.72531769305988    6.72752684048698
2448.68035190615865    6.72716559809451
2450.63538611925742    6.72678655695604
2452.59042033235573    6.72638971846359
2454.54545454545450    6.72597508407955
2456.50048875855327    6.72554265533663
2458.45552297165204    6.72509243383795
2460.41055718475081    6.72462442125693
2462.36559139784958    6.72413861933740
2464.32062561094790    6.72363502989352
2466.27565982404667    6.72311365480980
2468.23069403714544    6.72257449604113
2470.18572825024421    6.72201755561274
2472.14076246334298    6.72144283562023
2474.09579667644175    6.72085033822955
2476.05083088954052    6.72024006567700
2478.00586510263929    6.71961202026926
2479.96089931573806    6.71896620438335
2481.91593352883683    6.71830262046665
2483.87096774193560    6.71762127103689
2485.82600195503437    6.71692215868217
2487.78103616813314    6.71620528606095
2489.73607038123191    6.71547065590205
2491.69110459433068    6.71471827100461
2493.64613880742945    6.71394813423818
2495.60117302052822    6.71316024854263
2497.55620723362654    6.71235461692822
2499.51124144672531    6.71153124247552
2501.46627565982408    6.71078118016358
2503.42130987292285    6.71010461758206
2505.37634408602162    6.70941056693962
2507.33137829911993    6.70869903074296
2509.28641251221870    6.70797001156673
2511.24144672531747    6.70722351205358
2513.19648093841624    6.70645953491413
2515.15151515151501    6.70567808292695
2517.10654936461378    6.70487915893864
2519.06158357771255    6.70406276586373
2521.01661779081132    6.70322890668477
2522.97165200391009    6.70237758445225
2524.92668621700886    6.70150880228467
2526.88172043010763    6.70073988847248
2528.83675464320640    6.69999820490207
2530.79178885630517    6.69923928044146
2532.74682306940394    6.69846311770692
2534.70185728250271    6.69766971938056
2536.65689149560149    6.69685908821040
2538.61192570870026    6.69603122701035
2540.56695992179857    6.69518613866017
2542.52199413489734    6.69432382610553
2544.47702834799611    6.69344429235798
2546.43206256109488    6.69254754049492
2548.38709677419365    6.69163357365968
2550.34213098729242    6.69070239506143
2552.29716520039074    6.68975400797524
2554.25219941348951    6.68878841574207
2556.20723362658828    6.68780562176874
2558.16226783968705    6.68680562952797
2560.11730205278582    6.68578844255836
2562.07233626588459    6.68475406446437
2564.02737047898336    6.68370249891637
2565.98240469208213    6.68263374965060
2567.93743890518090    6.68154782046919
2569.89247311827967    6.68044471524012
2571.84750733137844    6.67932443789729
2573.80254154447721    6.67818699244047
2575.75757575757598    6.67703238293530
2577.71260997067475    6.67586061351331
2579.66764418377352    6.67467168837192
2581.62267839687229    6.67366258060403
2583.57771260997060    6.67275735353960
2585.53274682306937    6.67183535891044
2587.48778103616814    6.67089659959912
2589.44281524926691    6.66994107855005
2591.39784946236568    6.66896879876945
2593.35288367546445    6.66797976332542
2595.30791788856277    6.66697397534787
2597.26295210166154    6.66595143802855
2599.21798631476031    6.66491215462104
2601.17302052785908    6.66385612844079
2603.12805474095785    6.66278336286504
2605.08308895405662    6.66169386133291
2607.03812316715539    6.66058762734532
2608.99315738025416    6.65946466446507
2610.94819159335293    6.65832497631675
2612.90322580645170    6.65716856658683
2614.85826001955047    6.65599543902358
2616.81329423264924    6.65480559743714
2618.76832844574801    6.65359904569946
2620.72336265884678    6.65237578774435
2622.67839687194555    6.65113582756743
2624.63343108504432    6.64987916922619
2626.58846529814264    6.64860581683994
2628.54349951124141    6.64731577458981
2630.49853372434018    6.64600904671881
2632.45356793743895    6.64468563753175
2634.40860215053772    6.64334555139528
2636.36363636363649    6.64198879273792
2638.31867057673480    6.64061536604999
2640.27370478983357    6.63922527588366
2642.22873900293234    6.63781852685294
2644.18377321603111    6.63639512363368
2646.13880742912988    6.63495507096355
2648.09384164222865    6.63349837364209
2650.04887585532742    6.63202503653065
2652.00391006842619    6.63053506455242
2653.95894428152496    6.62902846269244
2655.91397849462373    6.62750523599756
2657.86901270772250    6.62596538957651
2659.82404692082127    6.62440892859982
2661.77908113392004    6.62283585829988
2663.73411534701881    6.62124618397090
2665.68914956011758    6.61963991096893
2667.64418377321635    6.61801704471188
2669.59921798631513    6.61637759067947
2671.55425219941344    6.61472155441326
2673.50928641251221    6.61304894151666
2675.46432062561098    6.61135975765491
2677.41935483870975    6.60965400855509
2679.37438905180852    6.60793170000612
2681.32942326490684    6.60619283785875
2683.28445747800561    6.60443742802557
2685.23949169110438    6.60266547648100
2687.19452590420315    6.60087698926131
2689.14956011730192    6.59907197246461
2691.10459433040069    6.59737754391416
2693.05962854349946    6.59584972500408
2695.01466275659823    6.59430569180106
2696.96969696969700    6.59274544899525
2698.92473118279577    6.59116900133485
2700.87976539589454    6.58957635362601
2702.83479960899331    6.58796751073294
2704.78983382209208    6.58634247757783
2706.74486803519085    6.58470125914087
2708.69990224828962    6.58304386046027
2710.65493646138839    6.58137028663227
2712.60997067448716    6.57968054281107
2714.56500488758547    6.57797463420890
2716.52003910068424    6.57625256609602
2718.47507331378301    6.57451434380065
2720.43010752688178    6.57275997270906
2722.38514173998055    6.57098945826551
2724.34017595307932    6.56920280597226
2726.29521016617764    6.56740002138960
2728.25024437927641    6.56558111013579
2730.20527859237518    6.56374607788713
2732.16031280547395    6.56189493037792
2734.11534701857272    6.56002767340047
2736.07038123167149    6.55814431280508
2738.02541544477026    6.55624485450008
2739.98044965786903    6.55432930445178
2741.93548387096780    6.55239766868453
2743.89051808406657    6.55044995328067
2745.84555229716534    6.54848616438054
2747.80058651026411    6.54650630818250
2749.75562072336288    6.54451039094291
2751.71065493646165    6.54263845162274
2753.66568914956042    6.54079727812022
2755.62072336265919    6.53894021788672
2757.57575757575751    6.53706727637448
2759.53079178885628    6.53517845909152
2761.48582600195505    6.53327377160155
2763.44086021505382    6.53135321952403
2765.39589442815259    6.52941680853416
2767.35092864125136    6.52746454436287
2769.30596285434967    6.52549643279682
2771.26099706744844    6.52351247967840
2773.21603128054721    6.52151269090573
2775.17106549364598    6.51949707243267
2777.12609970674475    6.51746563026882
2779.08113391984352    6.51541837047949
2781.03616813294229    6.51335529918574
2782.99120234604106    6.51127642256437
2784.94623655913983    6.50918174684789
2786.90127077223860    6.50707127832455
2788.85630498533737    6.50494502333836
2790.81133919843614    6.50280298828902
2792.76637341153491    6.50064517963200
2794.72140762463368    6.49847160387847
2796.67644183773245    6.49628226759535
2798.63147605083122    6.49407717740531
2800.58651026392999    6.49254504124211
2802.54154447702831    6.49375483835891
2804.49657869012708    6.49495367552497
2806.45161290322585    6.49614154933463
2808.40664711632462    6.49731845640961
2810.36168132942339    6.49848439339901
2812.31671554252171    6.49963935697927
2814.27174975562048    6.50078334385421
2816.22678396871925    6.50191635075501
2818.18181818181802    6.50303837444023
2820.13685239491679    6.50414941169577
2822.09188660801556    6.50524945933491
2824.04692082111433    6.50633851419830
2826.00195503421310    6.50741657315395
2827.95698924731187    6.50848363309724
2829.91202346041064    6.50953969095089
2831.86705767350941    6.51058474366503
2833.82209188660818    6.51161878821712
2835.77712609970695    6.51264182161200
2837.73216031280572    6.51365384088187
2839.68719452590449    6.51465484308631
2841.64222873900326    6.51564482531223
2843.59726295210203    6.51662378467395
2845.55229716520034    6.51759171831314
2847.50733137829911    6.51854862339880
2849.46236559139788    6.51949449712736
2851.41739980449665    6.52054697502682
2853.37243401759542    6.52165201106733
2855.32746823069374    6.52274631188783
2857.28250244379251    6.52382987451265
2859.23753665689128    6.52490269599243
2861.19257086999005    6.52596477340407
2863.14760508308882    6.52701610385075
2865.10263929618759    6.52805668446194
2867.05767350928636    6.52908651239339
2869.01270772238513    6.53010558482711
2870.96774193548390    6.53111389897141
2872.92277614858267    6.53211145206087
2874.87781036168144    6.53309824135635
2876.83284457478021    6.53407426414499
2878.78787878787898    6.53503951774021
2880.74291300097775    6.53599399948172
2882.69794721407652    6.53693770673549
2884.65298142717529    6.53787063689377
2886.60801564027406    6.53879278737511
2888.56304985337238    6.53970415562433
2890.51808406647115    6.54060473911251
2892.47311827956992    6.54149453533703
2894.42815249266869    6.54237354182156
2896.38318670576746    6.54324175611602
2898.33822091886623    6.54409917579662
2900.29325513196454    6.54494579846587
2902.24828934506331    6.54578162175253
2904.20332355816208    6.54660664331165
2906.15835777126085    6.54742086082457
2908.11339198435962    6.54822427199890
2910.06842619745839    6.54901687456852
2912.02346041055716    6.54979866629360
2913.97849462365593    6.55056964496060
2915.93352883675470    6.55139604652416
2917.88856304985347    6.55229783931460
2919.84359726295224    6.55318905651928
2921.79863147605101    6.55406969577729
2923.75366568914978    6.55493975475309
2925.70869990224855    6.55579923113657
2927.66373411534732    6.55664812264298
2929.61876832844609    6.55748642701297
2931.57380254154441    6.55831414201256
2933.52883675464318    6.55913126543319
2935.48387096774195    6.55993779509168
2937.43890518084072    6.56073372883023
2939.39393939393949    6.56151906451644
2941.34897360703826    6.56229380004330
2943.30400782013658    6.56305793332917
2945.25904203323535    6.56381146231784
2947.21407624633412    6.56455438497845
2949.16911045943289    6.56528669930556
2951.12414467253166    6.56614517705914
2953.07917888563043    6.56710524913457
2955.03421309872920    6.56805509478423
2956.98924731182797    6.56899471167833
2958.94428152492674    6.56992409751107
2960.89931573802551    6.57084325000060
2962.85434995112428    6.57175216688904
2964.80938416422305    6.57265084594245
2966.76441837732182    6.57353928495084
2968.71945259042059    6.57441748172822
2970.67448680351936    6.57528543411251
2972.62952101661813    6.57614313996563
2974.58455522971690    6.57699059717341
2976.53958944281521    6.57782780364569
2978.49462365591398    6.57865475731623
2980.44965786901275    6.57947145614277
2982.40469208211152    6.58027789810700
2984.35972629521029    6.58107408121456
2986.31476050830861    6.58186000349506
2988.26979472140738    6.58263566300207
2990.22482893450615    6.58340105781310
2992.17986314760492    6.58415618602965
2994.13489736070369    6.58490104577714
2996.08993157380246    6.58563563520497
2998.04496578690123    6.58635995248650
3000.00000000000000    6.58707399581905
